Webots Project File version R2025a
perspectives: 000000ff00000000fd00000002000000010000008700000425fc0200000001fb0000001400540065007800740045006400690074006f00720100000019000004250000004000ffffff0000000300000780000001b2fc0100000001fb0000001a0043006f006e0073006f006c00650041006c006c0041006c006c0100000000000007800000000000000000000006f70000042500000001000000020000000100000008fc00000000
simulationViewPerspectives: 000000ff0000000100000002000001140000036e0100000002010000000100
sceneTreePerspectives: 000000ff000000010000000300000022000000c0000000fa0100000002010000000200
minimizedPerspectives: 000000ff00000000fd0000000200000001000005a000000369fc0200000001fb0000001400540065007800740045006400690074006f00720100000000000003690000008a00ffffff00000003000005fe000000bffc0100000001fb0000001a0043006f006e0073006f006c00650041006c006c0041006c006c03000000000000018c000005a0000001f8000000000000036900000001000000020000000100000008fc00000000
maximizedDockId: -1
centralWidgetVisible: 1
orthographicViewHeight: 1
textFiles: -1
renderingDevicePerspectives: auctioneer:camera;0;4.84375;0;0
renderingDevicePerspectives: spotter_vision:camera;1;1.17949;0;0
